GLfloat cube[] = 
{
     //number of vertices = 192

0,-0.693534,-0.5,0,0,-1,-1, 0, 0, -0, -1, -0, 0.468994, 0.006847,
0,0.693534,-0.5,0,0,-1,-1, 0, 0, -0, -1, -0, 0.468994, 0.994665,
0.097545,0.693534,-0.490393,0.195074,0,-0.980773,-0.980788, 0, -0.195076, -0, -0.999985, -0, 0.438125, 0.994665,
0.097545,-0.693534,-0.490393,0.195074,0,-0.980773,-0.980788, 0, -0.195078, -0, -0.999985, -0, 0.438125, 0.006847,
0.191342,0.693534,-0.46194,0.382672,0,-0.923856,-0.923881, 0, -0.38268, -0, -0.999974, -0, 0.407256, 0.994665,
0.191342,-0.693534,-0.46194,0.382672,0,-0.923856,-0.923879, 0, -0.382684, -0, -0.999974, -0, 0.407256, 0.006847,
0.277785,0.693534,-0.415735,0.555559,0,-0.831446,-0.831468, 0, -0.555572, -0, -0.999974, -0, 0.376387, 0.994665,
0.277785,-0.693534,-0.415735,0.555559,0,-0.831446,-0.831467, 0, -0.555575, -0, -0.999974, -0, 0.376387, 0.006847,
0.353553,0.693534,-0.353553,0.707083,0,-0.707083,-0.707108, 0, -0.707105, -0, -0.999966, -0, 0.345517, 0.994665,
0.353553,-0.693534,-0.353553,0.707083,0,-0.707083,-0.707105, 0, -0.707108, -0, -0.999966, -0, 0.345517, 0.006847,
0.415735,0.693534,-0.277785,0.831446,0,-0.555559,-0.555575, 0, -0.831467, -0, -0.999974, -0, 0.314648, 0.994665,
0.415735,-0.693534,-0.277785,0.831446,0,-0.555559,-0.555572, 0, -0.831468, -0, -0.999974, -0, 0.314648, 0.006847,
0.46194,0.693534,-0.191342,0.923856,0,-0.382672,-0.382684, 0, -0.92388, -0, -0.999974, -0, 0.283779, 0.994665,
0.46194,-0.693534,-0.191342,0.923856,0,-0.382672,-0.38268, 0, -0.923881, -0, -0.999974, -0, 0.283779, 0.006847,
0.490393,0.693534,-0.097545,0.980773,0,-0.195074,-0.195078, 0, -0.980788, -0, -0.999985, -0, 0.252909, 0.994665,
0.490393,-0.693534,-0.097545,0.980773,0,-0.195074,-0.195076, 0, -0.980788, -0, -0.999985, -0, 0.252909, 0.006847,
0.5,0.693534,-0,1,0,0,0, 0, -1, 0, -1, -0, 0.22204, 0.994665,
0.5,-0.693534,-0,1,0,0,0, 0, -1, 0, -1, -0, 0.22204, 0.006847,
0.490393,0.693534,0.097545,0.980773,0,0.195074,0.195076, 0, -0.980788, 0, -0.999985, -0, 0.191171, 0.994665,
0.490393,-0.693534,0.097545,0.980773,0,0.195074,0.195078, 0, -0.980788, 0, -0.999985, -0, 0.191171, 0.006847,
0.46194,0.693534,0.191342,0.923856,0,0.382672,0.38268, 0, -0.923881, 0, -0.999974, -0, 0.160301, 0.994665,
0.46194,-0.693534,0.191342,0.923856,0,0.382672,0.382684, 0, -0.92388, 0, -0.999974, -0, 0.160301, 0.006847,
0.415735,0.693534,0.277785,0.831446,0,0.555559,0.555572, 0, -0.831468, 0, -0.999974, -0, 0.129432, 0.994665,
0.415735,-0.693534,0.277785,0.831446,0,0.555559,0.555575, 0, -0.831467, 0, -0.999974, -0, 0.129432, 0.006847,
0.353553,0.693534,0.353553,0.707083,0,0.707083,0.707105, 0, -0.707108, 0, -0.999966, -0, 0.098563, 0.994665,
0.353553,-0.693534,0.353553,0.707083,0,0.707083,0.707108, 0, -0.707105, 0, -0.999966, -0, 0.098563, 0.006847,
0.277785,0.693534,0.415735,0.555559,0,0.831446,0.831467, 0, -0.555575, 0, -0.999974, -0, 0.067693, 0.994665,
0.277785,-0.693534,0.415735,0.555559,0,0.831446,0.831468, 0, -0.555572, 0, -0.999974, -0, 0.067693, 0.006847,
0.191342,0.693534,0.46194,0.382672,0,0.923856,0.923879, 0, -0.382684, 0, -0.999974, -0, 0.036824, 0.994665,
0.191342,-0.693534,0.46194,0.382672,0,0.923856,0.923881, 0, -0.38268, 0, -0.999974, -0, 0.036824, 0.006847,
0.097545,0.693534,0.490393,0.195074,0,0.980773,0.980787, 0, -0.19508, 0, -0.999985, -0, 0.005955, 0.994665,
0.097545,-0.693534,0.490393,0.195074,0,0.980773,0.980787, 0, -0.19508, 0, -0.999985, -0, 0.005955, 0.006847,
0.097545,-0.693534,0.490393,0.195074,0,0.980773,0.980788, 0, -0.195074, 0, -0.999985, -0, 0.993773, 0.006847,
0.097545,0.693534,0.490393,0.195074,0,0.980773,0.980788, 0, -0.195074, 0, -0.999985, -0, 0.993773, 0.994665,
-0,0.693534,0.5,0,0,0.999969,1, 0, -2.03612e-006, 0, -0.999969, -0, 0.962904, 0.994665,
-0,-0.693534,0.5,0,0,0.999969,1, 0, 2.03604e-006, -0, -0.999969, -0, 0.962904, 0.006847,
-0.097545,0.693534,0.490393,-0.195074,0,0.980773,0.980788, 0, 0.195076, -0, -0.999985, 0, 0.932034, 0.994665,
-0.097545,-0.693534,0.490393,-0.195074,0,0.980773,0.980788, 0, 0.195078, -0, -0.999985, 0, 0.932034, 0.006847,
-0.191342,0.693534,0.46194,-0.382672,0,0.923856,0.923881, 0, 0.38268, -0, -0.999974, 0, 0.901165, 0.994665,
-0.191342,-0.693534,0.46194,-0.382672,0,0.923856,0.923879, 0, 0.382684, -0, -0.999974, 0, 0.901165, 0.006847,
-0.277785,0.693534,0.415735,-0.555559,0,0.831446,0.831468, 0, 0.555572, -0, -0.999974, 0, 0.870296, 0.994665,
-0.277785,-0.693534,0.415735,-0.555559,0,0.831446,0.831467, 0, 0.555575, -0, -0.999974, 0, 0.870296, 0.006847,
-0.353554,0.693534,0.353553,-0.707083,0,0.707083,0.707108, 0, 0.707105, -0, -0.999966, 0, 0.839426, 0.994665,
-0.353554,-0.693534,0.353553,-0.707083,0,0.707083,0.707105, 0, 0.707108, -0, -0.999966, 0, 0.839426, 0.006847,
-0.415735,0.693534,0.277785,-0.831446,0,0.555559,0.555575, 0, 0.831467, -0, -0.999974, 0, 0.808557, 0.994665,
-0.415735,-0.693534,0.277785,-0.831446,0,0.555559,0.555572, 0, 0.831468, -0, -0.999974, 0, 0.808557, 0.006847,
-0.46194,0.693534,0.191341,-0.923856,0,0.382672,0.382684, 0, 0.923879, -0, -0.999974, 0, 0.777688, 0.994665,
-0.46194,-0.693534,0.191341,-0.923856,0,0.382672,0.38268, 0, 0.923881, -0, -0.999974, 0, 0.777688, 0.006847,
-0.490393,0.693534,0.097545,-0.980773,0,0.195074,0.195078, 0, 0.980788, -0, -0.999985, 0, 0.746818, 0.994665,
-0.490393,-0.693534,0.097545,-0.980773,0,0.195074,0.195076, 0, 0.980788, -0, -0.999985, 0, 0.746818, 0.006847,
-0.5,0.693534,-0,-1,0,0,0, 0, 1, -0, -1, 0, 0.715949, 0.994665,
-0.5,-0.693534,-0,-1,0,0,0, 0, 1, -0, -1, 0, 0.715949, 0.006847,
-0.490393,0.693534,-0.097546,-0.980773,0,-0.195074,-0.195076, 0, 0.980788, -0, -0.999985, -0, 0.68508, 0.994665,
-0.490393,-0.693534,-0.097546,-0.980773,0,-0.195074,-0.195078, 0, 0.980788, -0, -0.999985, -0, 0.68508, 0.006847,
-0.46194,0.693534,-0.191342,-0.923856,0,-0.382672,-0.38268, 0, 0.923881, -0, -0.999974, -0, 0.65421, 0.994665,
-0.46194,-0.693534,-0.191342,-0.923856,0,-0.382672,-0.382684, 0, 0.92388, -0, -0.999974, -0, 0.65421, 0.006847,
-0.415734,0.693534,-0.277786,-0.831446,0,-0.555559,-0.555572, 0, 0.831469, -0, -0.999974, -0, 0.623341, 0.994665,
-0.415734,-0.693534,-0.277786,-0.831446,0,-0.555559,-0.555575, 0, 0.831467, -0, -0.999974, -0, 0.623341, 0.006847,
-0.353553,0.693534,-0.353554,-0.707083,0,-0.707083,-0.707105, 0, 0.707108, -0, -0.999966, -0, 0.592472, 0.994665,
-0.353553,-0.693534,-0.353554,-0.707083,0,-0.707083,-0.707108, 0, 0.707105, -0, -0.999966, -0, 0.592472, 0.006847,
-0.277785,0.693534,-0.415735,-0.555559,0,-0.831446,-0.831467, 0, 0.555575, -0, -0.999974, -0, 0.561602, 0.994665,
-0.277785,-0.693534,-0.415735,-0.555559,0,-0.831446,-0.831468, 0, 0.555572, -0, -0.999974, -0, 0.561602, 0.006847,
-0.191341,0.693534,-0.46194,-0.382672,0,-0.923856,-0.923879, 0, 0.382684, -0, -0.999974, -0, 0.530733, 0.994665,
-0.191341,-0.693534,-0.46194,-0.382672,0,-0.923856,-0.923881, 0, 0.38268, -0, -0.999974, -0, 0.530733, 0.006847,
-0.097544,-0.693534,-0.490393,-0.195074,0,-0.980773,-0.980788, 0, 0.195076, -0, -0.999985, -0, 0.499864, 0.006847,
-0.097544,0.693534,-0.490393,-0.195074,0,-0.980773,-0.980788, 0, 0.195078, -0, -0.999985, -0, 0.499864, 0.994665,
};
